
%Sheth Riya Nimish
%A0176880R
%e0235287@u.nus.edu
%Final Year Project

x= [
3
3
3
3
3
3
5
5
5
5
5
5
7
7
7
7
7
7
9
9
9
9
9
9
11
11
11
11
11
11
15
15
15
15
15
15
21
21
21
21
21
21
23
23
23
23
23
23
30
30
30
30
30
30
40
40
40
40
40
40
50
50
50
50
50
50
3
3
3
3
3
3
5
5
5
5
5
5
7
7
7
7
7
7
9
9
9
9
9
9
11
11
11
11
11
11
15
15
15
15
15
15
21
21
21
21
21
21
23
23
23
23
23
23
30
30
30
30
30
30
40
40
40
40
40
40
50
50
50
50
50
50
3
3
3
3
3
3
5
5
5
5
5
5
7
7
7
7
7
7
9
9
9
9
9
9
11
11
11
11
11
11
15
15
15
15
15
15
21
21
21
21
21
21
23
23
23
23
23
23
30
30
30
30
30
30
40
40
40
40
40
40
50
50
50
50
50
50
3
3
3
3
3
3
5
5
5
5
5
5
7
7
7
7
7
7
9
9
9
9
9
9
11
11
11
11
11
11
15
15
15
15
15
15
21
21
21
21
21
21
23
23
23
23
23
23
30
30
30
30
30
30
40
40
40
40
40
40
50
50
50
50
50
50
3
3
3
3
3
3
5
5
5
5
5
5
7
7
7
7
7
7
9
9
9
9
9
9
11
11
11
11
11
11
15
15
15
15
15
15
21
21
21
21
21
21
23
23
23
23
23
23
30
30
30
30
30
30
40
40
40
40
40
40
50
50
50
50
50
50
3
3
3
3
3
3
5
5
5
5
5
5
7
7
7
7
7
7
9
9
9
9
9
9
11
11
11
11
11
11
15
15
15
15
15
15
21
21
21
21
21
21
23
23
23
23
23
23
30
30
30
30
30
30
40
40
40
40
40
40
50
50
50
50
50
50
3
3
3
3
3
3
5
5
5
5
5
5
7
7
7
7
7
7
9
9
9
9
9
9
11
11
11
11
11
11
15
15
15
15
15
15
21
21
21
21
21
21
23
23
23
23
23
23
30
30
30
30
30
30
40
40
40
40
40
40
50
50
50
50
50
50]
y= [
1
3
5
10
20
50
1
3
5
10
20
50
1
3
5
10
20
50
1
3
5
10
20
50
1
3
5
10
20
50
1
3
5
10
20
50
1
3
5
10
20
50
1
3
5
10
20
50
1
3
5
10
20
50
1
3
5
10
20
50
1
3
5
10
20
50
1
3
5
10
20
50
1
3
5
10
20
50
1
3
5
10
20
50
1
3
5
10
20
50
1
3
5
10
20
50
1
3
5
10
20
50
1
3
5
10
20
50
1
3
5
10
20
50
1
3
5
10
20
50
1
3
5
10
20
50
1
3
5
10
20
50
1
3
5
10
20
50
1
3
5
10
20
50
1
3
5
10
20
50
1
3
5
10
20
50
1
3
5
10
20
50
1
3
5
10
20
50
1
3
5
10
20
50
1
3
5
10
20
50
1
3
5
10
20
50
1
3
5
10
20
50
1
3
5
10
20
50
1
3
5
10
20
50
1
3
5
10
20
50
1
3
5
10
20
50
1
3
5
10
20
50
1
3
5
10
20
50
1
3
5
10
20
50
1
3
5
10
20
50
1
3
5
10
20
50
1
3
5
10
20
50
1
3
5
10
20
50
1
3
5
10
20
50
1
3
5
10
20
50
1
3
5
10
20
50
1
3
5
10
20
50
1
3
5
10
20
50
1
3
5
10
20
50
1
3
5
10
20
50
1
3
5
10
20
50
1
3
5
10
20
50
1
3
5
10
20
50
1
3
5
10
20
50
1
3
5
10
20
50
1
3
5
10
20
50
1
3
5
10
20
50
1
3
5
10
20
50
1
3
5
10
20
50
1
3
5
10
20
50
1
3
5
10
20
50
1
3
5
10
20
50
1
3
5
10
20
50
1
3
5
10
20
50
1
3
5
10
20
50
1
3
5
10
20
50
1
3
5
10
20
50
1
3
5
10
20
50
1
3
5
10
20
50
1
3
5
10
20
50
1
3
5
10
20
50
1
3
5
10
20
50
1
3
5
10
20
50
1
3
5
10
20
50
1
3
5
10
20
50
1
3
5
10
20
50
1
3
5
10
20
50]
z= [
5
5
5
5
5
5
5
5
5
5
5
5
5
5
5
5
5
5
5
5
5
5
5
5
5
5
5
5
5
5
5
5
5
5
5
5
5
5
5
5
5
5
5
5
5
5
5
5
5
5
5
5
5
5
5
5
5
5
5
5
5
5
5
5
5
5
10
10
10
10
10
10
10
10
10
10
10
10
10
10
10
10
10
10
10
10
10
10
10
10
10
10
10
10
10
10
10
10
10
10
10
10
10
10
10
10
10
10
10
10
10
10
10
10
10
10
10
10
10
10
10
10
10
10
10
10
10
10
10
10
10
10
15
15
15
15
15
15
15
15
15
15
15
15
15
15
15
15
15
15
15
15
15
15
15
15
15
15
15
15
15
15
15
15
15
15
15
15
15
15
15
15
15
15
15
15
15
15
15
15
15
15
15
15
15
15
15
15
15
15
15
15
15
15
15
15
15
15
20
20
20
20
20
20
20
20
20
20
20
20
20
20
20
20
20
20
20
20
20
20
20
20
20
20
20
20
20
20
20
20
20
20
20
20
20
20
20
20
20
20
20
20
20
20
20
20
20
20
20
20
20
20
20
20
20
20
20
20
20
20
20
20
20
20
25
25
25
25
25
25
25
25
25
25
25
25
25
25
25
25
25
25
25
25
25
25
25
25
25
25
25
25
25
25
25
25
25
25
25
25
25
25
25
25
25
25
25
25
25
25
25
25
25
25
25
25
25
25
25
25
25
25
25
25
25
25
25
25
25
25
40
40
40
40
40
40
40
40
40
40
40
40
40
40
40
40
40
40
40
40
40
40
40
40
40
40
40
40
40
40
40
40
40
40
40
40
40
40
40
40
40
40
40
40
40
40
40
40
40
40
40
40
40
40
40
40
40
40
40
40
40
40
40
40
40
40
50
50
50
50
50
50
50
50
50
50
50
50
50
50
50
50
50
50
50
50
50
50
50
50
50
50
50
50
50
50
50
50
50
50
50
50
50
50
50
50
50
50
50
50
50
50
50
50
50
50
50
50
50
50
50
50
50
50
50
50
50
50
50
50
50
50]
tw=[
0.621212125
0.880681813
0.880681813
0.884469688
0.884469688
0.888257563
0.886363626
0.884469688
0.878787875
0.875
0.863636374
0.878787875
0.875
0.878787875
0.846590936
0.875
0.869318187
0.854166687
0.621212125
0.621212125
0.621212125
0.621212125
0.621212125
0.621212125
0.621212125
0.621212125
0.621212125
0.621212125
0.621212125
0.621212125
0.621212125
0.621212125
0.621212125
0.621212125
0.621212125
0.621212125
0.621212125
0.621212125
0.621212125
0.621212125
0.621212125
0.621212125
0.621212125
0.621212125
0.621212125
0.621212125
0.621212125
0.621212125
0.621212125
0.621212125
0.621212125
0.621212125
0.621212125
0.621212125
0.621212125
0.621212125
0.621212125
0.621212125
0.621212125
0.621212125
0.621212125
0.621212125
0.621212125
0.621212125
0.621212125
0.621212125
0.884469688
0.88257575
0.621212125
0.888257563
0.884469688
0.871212125
0.88257575
0.88257575
0.878787875
0.869318187
0.859848499
0.88257575
0.621212125
0.621212125
0.621212125
0.621212125
0.621212125
0.621212125
0.621212125
0.621212125
0.621212125
0.621212125
0.621212125
0.621212125
0.621212125
0.621212125
0.621212125
0.621212125
0.621212125
0.621212125
0.621212125
0.621212125
0.621212125
0.621212125
0.621212125
0.621212125
0.621212125
0.621212125
0.621212125
0.621212125
0.621212125
0.621212125
0.621212125
0.621212125
0.621212125
0.621212125
0.621212125
0.621212125
0.621212125
0.621212125
0.621212125
0.621212125
0.621212125
0.621212125
0.621212125
0.621212125
0.621212125
0.621212125
0.621212125
0.621212125
0.621212125
0.621212125
0.621212125
0.621212125
0.621212125
0.621212125
0.880681813
0.88257575
0.884469688
0.884469688
0.886363626
0.86742425
0.88257575
0.888257563
0.880681813
0.876893938
0.873106062
0.878787875
0.621212125
0.621212125
0.621212125
0.621212125
0.621212125
0.621212125
0.621212125
0.621212125
0.621212125
0.621212125
0.621212125
0.621212125
0.621212125
0.621212125
0.621212125
0.621212125
0.621212125
0.621212125
0.621212125
0.621212125
0.621212125
0.621212125
0.621212125
0.621212125
0.621212125
0.621212125
0.621212125
0.621212125
0.621212125
0.621212125
0.621212125
0.621212125
0.621212125
0.621212125
0.621212125
0.621212125
0.621212125
0.621212125
0.621212125
0.621212125
0.621212125
0.621212125
0.621212125
0.621212125
0.621212125
0.621212125
0.621212125
0.621212125
0.621212125
0.621212125
0.621212125
0.621212125
0.621212125
0.621212125
0.878787875
0.621212125
0.886363626
0.884469688
0.878787875
0.884469688
0.621212125
0.876893938
0.621212125
0.86742425
0.876893938
0.880681813
0.621212125
0.621212125
0.621212125
0.621212125
0.621212125
0.621212125
0.621212125
0.621212125
0.621212125
0.621212125
0.621212125
0.621212125
0.621212125
0.621212125
0.621212125
0.621212125
0.621212125
0.621212125
0.621212125
0.621212125
0.621212125
0.621212125
0.621212125
0.621212125
0.621212125
0.621212125
0.621212125
0.621212125
0.621212125
0.621212125
0.621212125
0.621212125
0.621212125
0.621212125
0.621212125
0.621212125
0.621212125
0.621212125
0.621212125
0.621212125
0.621212125
0.621212125
0.621212125
0.621212125
0.621212125
0.621212125
0.621212125
0.621212125
0.621212125
0.621212125
0.621212125
0.621212125
0.621212125
0.621212125
0.865530312
0.621212125
0.88257575
0.871212125
0.88257575
0.880681813
0.621212125
0.621212125
0.621212125
0.865530312
0.875
0.869318187
0.621212125
0.621212125
0.621212125
0.621212125
0.621212125
0.621212125
0.621212125
0.621212125
0.621212125
0.621212125
0.621212125
0.621212125
0.621212125
0.621212125
0.621212125
0.621212125
0.621212125
0.621212125
0.621212125
0.621212125
0.621212125
0.621212125
0.621212125
0.621212125
0.621212125
0.621212125
0.621212125
0.621212125
0.621212125
0.621212125
0.621212125
0.621212125
0.621212125
0.621212125
0.621212125
0.621212125
0.621212125
0.621212125
0.621212125
0.621212125
0.621212125
0.621212125
0.621212125
0.621212125
0.621212125
0.621212125
0.621212125
0.621212125
0.621212125
0.621212125
0.621212125
0.621212125
0.621212125
0.621212125
0.833333313
0.86742425
0.865530312
0.621212125
0.884469688
0.873106062
0.621212125
0.621212125
0.621212125
0.621212125
0.621212125
0.621212125
0.621212125
0.621212125
0.621212125
0.621212125
0.621212125
0.621212125
0.621212125
0.621212125
0.621212125
0.621212125
0.621212125
